570 34
0 0 0 0 1 0 1 0 0 0 0 0 0 1 1 1 0 1 0 1 1 1 0 1 0 0 1 0 1 0 1 0 1 1
0 1 1 0 0 1 0 1 0 0 1 1 1 1 1 0 0 0 0 0 0 1 0 1 0 0 0 0 0 0 1 1 1 0
1 0 0 1 1 1 1 1 1 0 1 0 1 0 1 0 1 0 1 1 0 0 1 0 1 0 0 1 1 1 1 1 0 0
0 1 1 1 0 1 0 1 1 0 1 1 0 1 0 1 1 1 0 0 1 1 1 1 1 1 0 1 0 1 0 1 0 1
0 0 0 1 1 0 1 0 1 1 0 0 1 0 1 0 1 0 1 1 1 0 1 0 1 1 0 1 1 0 1 0 1 1
1 0 1 1 0 1 0 1 1 1 0 1 0 0 0 1 1 0 0 0 1 1 0 1 0 1 1 0 0 1 0 1 0 1
0 0 0 0 1 0 1 0 1 1 0 0 0 0 0 1 0 1 0 1 1 0 1 0 1 1 1 0 1 0 0 0 1 1
0 0 1 0 0 1 0 1 1 0 1 1 0 0 0 1 1 0 0 0 0 1 0 1 0 1 1 0 0 0 0 0 1 0
0 0 0 1 1 0 1 0 1 1 1 1 0 0 0 0 1 0 0 1 0 0 1 0 1 1 0 1 1 0 0 0 1 1
0 1 1 1 0 0 1 1 1 0 1 1 1 1 0 0 1 0 0 0 1 1 0 1 0 1 1 1 1 0 0 0 0 1
1 0 0 1 1 0 1 0 0 1 0 1 1 1 1 1 0 0 1 1 1 0 0 1 1 1 0 1 1 1 1 0 0 1
0 0 1 1 0 0 1 1 1 1 1 1 1 1 1 1 1 1 0 0 1 1 0 1 0 0 1 0 1 1 1 1 1 0
0 1 0 0 1 0 0 1 1 0 1 0 1 0 1 0 1 0 0 1 1 0 0 1 1 1 1 1 1 1 1 1 1 1
0 0 1 0 0 0 1 0 0 0 1 0 1 1 1 0 1 0 1 0 0 1 0 0 1 1 0 1 0 1 0 1 0 1
0 0 0 1 1 1 0 1 1 1 0 1 0 1 0 1 0 0 0 1 0 0 0 1 0 0 0 1 0 1 1 1 0 1
1 0 1 1 1 0 1 0 0 0 0 1 1 1 0 1 1 0 0 0 1 1 1 0 1 1 1 0 1 0 1 0 1 0
0 0 0 1 0 1 0 1 1 1 0 0 0 1 1 0 1 1 0 1 1 1 0 1 0 0 0 0 1 1 1 0 1 1
0 1 1 1 1 1 1 1 1 1 1 0 1 0 1 1 0 0 0 0 1 0 1 0 1 1 1 0 0 0 1 1 0 1
1 0 1 1 1 0 1 0 0 1 0 1 0 1 0 1 1 0 1 1 1 1 1 1 1 1 1 1 0 1 0 1 1 0
0 0 0 0 1 0 1 0 0 0 0 0 0 1 1 1 0 1 0 1 1 1 0 1 0 0 1 0 1 0 1 0 1 1
0 1 1 0 0 1 0 1 0 0 1 1 1 1 1 0 0 0 0 0 0 1 0 1 0 0 0 0 0 0 1 1 1 0
1 0 0 1 1 1 1 1 1 0 1 0 1 0 1 0 1 0 1 1 0 0 1 0 1 0 0 1 1 1 1 1 0 0
0 1 1 1 0 1 0 1 1 0 1 1 0 1 0 1 1 1 0 0 1 1 1 1 1 1 0 1 0 1 0 1 0 1
0 0 0 1 1 0 1 0 1 1 0 0 1 0 1 0 1 0 1 1 1 0 1 0 1 1 0 1 1 0 1 0 1 1
1 0 1 1 0 1 0 1 1 1 0 1 0 0 0 1 1 0 0 0 1 1 0 1 0 1 1 0 0 1 0 1 0 1
0 0 0 0 1 0 1 0 1 1 0 0 0 0 0 1 0 1 0 1 1 0 1 0 1 1 1 0 1 0 0 0 1 1
0 0 1 0 0 1 0 1 1 0 1 1 0 0 0 1 1 0 0 0 0 1 0 1 0 1 1 0 0 0 0 0 1 0
0 0 0 1 1 0 1 0 1 1 1 1 0 0 0 0 1 0 0 1 0 0 1 0 1 1 0 1 1 0 0 0 1 1
0 1 1 1 0 0 1 1 1 0 1 1 1 1 0 0 1 0 0 0 1 1 0 1 0 1 1 1 1 0 0 0 0 1
1 0 0 1 1 0 1 0 0 1 0 1 1 1 1 1 0 0 1 1 1 0 0 1 1 1 0 1 1 1 1 0 0 1
0 0 1 1 0 0 1 1 1 1 1 1 1 1 1 1 1 1 0 0 1 1 0 1 0 0 1 0 1 1 1 1 1 0
0 1 0 0 1 0 0 1 1 0 1 0 1 0 1 0 1 0 0 1 1 0 0 1 1 1 1 1 1 1 1 1 1 1
0 0 1 0 0 0 1 0 0 0 1 0 1 1 1 0 1 0 1 0 0 1 0 0 1 1 0 1 0 1 0 1 0 1
0 0 0 1 1 1 0 1 1 1 0 1 0 1 0 1 0 0 0 1 0 0 0 1 0 0 0 1 0 1 1 1 0 1
1 0 1 1 1 0 1 0 0 0 0 1 1 1 0 1 1 0 0 0 1 1 1 0 1 1 1 0 1 0 1 0 1 0
0 0 0 1 0 1 0 1 1 1 0 0 0 1 1 0 1 1 0 1 1 1 0 1 0 0 0 0 1 1 1 0 1 1
0 1 1 1 1 1 1 1 1 1 1 0 1 0 1 1 0 0 0 0 1 0 1 0 1 1 1 0 0 0 1 1 0 1
1 0 1 1 1 0 1 0 0 1 0 1 0 1 0 1 1 0 1 1 1 1 1 1 1 1 1 1 0 1 0 1 1 0
0 0 0 0 1 0 1 0 0 0 0 0 0 1 1 1 0 1 0 1 1 1 0 1 0 0 1 0 1 0 1 0 1 1
0 1 1 0 0 1 0 1 0 0 1 1 1 1 1 0 0 0 0 0 0 1 0 1 0 0 0 0 0 0 1 1 1 0
1 0 0 1 1 1 1 1 1 0 1 0 1 0 1 0 1 0 1 1 0 0 1 0 1 0 0 1 1 1 1 1 0 0
0 1 1 1 0 1 0 1 1 0 1 1 0 1 0 1 1 1 0 0 1 1 1 1 1 1 0 1 0 1 0 1 0 1
0 0 0 1 1 0 1 0 1 1 0 0 1 0 1 0 1 0 1 1 1 0 1 0 1 1 0 1 1 0 1 0 1 1
1 0 1 1 0 1 0 1 1 1 0 1 0 0 0 1 1 0 0 0 1 1 0 1 0 1 1 0 0 1 0 1 0 1
0 0 0 0 1 0 1 0 1 1 0 0 0 0 0 1 0 1 0 1 1 0 1 0 1 1 1 0 1 0 0 0 1 1
0 0 1 0 0 1 0 1 1 0 1 1 0 0 0 1 1 0 0 0 0 1 0 1 0 1 1 0 0 0 0 0 1 0
0 0 0 1 1 0 1 0 1 1 1 1 0 0 0 0 1 0 0 1 0 0 1 0 1 1 0 1 1 0 0 0 1 1
0 1 1 1 0 0 1 1 1 0 1 1 1 1 0 0 1 0 0 0 1 1 0 1 0 1 1 1 1 0 0 0 0 1
1 0 0 1 1 0 1 0 0 1 0 1 1 1 1 1 0 0 1 1 1 0 0 1 1 1 0 1 1 1 1 0 0 1
0 0 1 1 0 0 1 1 1 1 1 1 1 1 1 1 1 1 0 0 1 1 0 1 0 0 1 0 1 1 1 1 1 0
0 1 0 0 1 0 0 1 1 0 1 0 1 0 1 0 1 0 0 1 1 0 0 1 1 1 1 1 1 1 1 1 1 1
0 0 1 0 0 0 1 0 0 0 1 0 1 1 1 0 1 0 1 0 0 1 0 0 1 1 0 1 0 1 0 1 0 1
0 0 0 1 1 1 0 1 1 1 0 1 0 1 0 1 0 0 0 1 0 0 0 1 0 0 0 1 0 1 1 1 0 1
1 0 1 1 1 0 1 0 0 0 0 1 1 1 0 1 1 0 0 0 1 1 1 0 1 1 1 0 1 0 1 0 1 0
0 0 0 1 0 1 0 1 1 1 0 0 0 1 1 0 1 1 0 1 1 1 0 1 0 0 0 0 1 1 1 0 1 1
0 1 1 1 1 1 1 1 1 1 1 0 1 0 1 1 0 0 0 0 1 0 1 0 1 1 1 0 0 0 1 1 0 1
1 0 1 1 1 0 1 0 0 1 0 1 0 1 0 1 1 0 1 1 1 1 1 1 1 1 1 1 0 1 0 1 1 0
0 0 0 0 1 0 1 0 0 0 0 0 0 1 1 1 0 1 0 1 1 1 0 1 0 0 1 0 1 0 1 0 1 1
0 1 1 0 0 1 0 1 0 0 1 1 1 1 1 0 0 0 0 0 0 1 0 1 0 0 0 0 0 0 1 1 1 0
1 0 0 1 1 1 1 1 1 0 1 0 1 0 1 0 1 0 1 1 0 0 1 0 1 0 0 1 1 1 1 1 0 0
0 1 1 1 0 1 0 1 1 0 1 1 0 1 0 1 1 1 0 0 1 1 1 1 1 1 0 1 0 1 0 1 0 1
0 0 0 1 1 0 1 0 1 1 0 0 1 0 1 0 1 0 1 1 1 0 1 0 1 1 0 1 1 0 1 0 1 1
1 0 1 1 0 1 0 1 1 1 0 1 0 0 0 1 1 0 0 0 1 1 0 1 0 1 1 0 0 1 0 1 0 1
0 0 0 0 1 0 1 0 1 1 0 0 0 0 0 1 0 1 0 1 1 0 1 0 1 1 1 0 1 0 0 0 1 1
0 0 1 0 0 1 0 1 1 0 1 1 0 0 0 1 1 0 0 0 0 1 0 1 0 1 1 0 0 0 0 0 1 0
0 0 0 1 1 0 1 0 1 1 1 1 0 0 0 0 1 0 0 1 0 0 1 0 1 1 0 1 1 0 0 0 1 1
0 1 1 1 0 0 1 1 1 0 1 1 1 1 0 0 1 0 0 0 1 1 0 1 0 1 1 1 1 0 0 0 0 1
1 0 0 1 1 0 1 0 0 1 0 1 1 1 1 1 0 0 1 1 1 0 0 1 1 1 0 1 1 1 1 0 0 1
0 0 1 1 0 0 1 1 1 1 1 1 1 1 1 1 1 1 0 0 1 1 0 1 0 0 1 0 1 1 1 1 1 0
0 1 0 0 1 0 0 1 1 0 1 0 1 0 1 0 1 0 0 1 1 0 0 1 1 1 1 1 1 1 1 1 1 1
0 0 1 0 0 0 1 0 0 0 1 0 1 1 1 0 1 0 1 0 0 1 0 0 1 1 0 1 0 1 0 1 0 1
0 0 0 1 1 1 0 1 1 1 0 1 0 1 0 1 0 0 0 1 0 0 0 1 0 0 0 1 0 1 1 1 0 1
1 0 1 1 1 0 1 0 0 0 0 1 1 1 0 1 1 0 0 0 1 1 1 0 1 1 1 0 1 0 1 0 1 0
0 0 0 1 0 1 0 1 1 1 0 0 0 1 1 0 1 1 0 1 1 1 0 1 0 0 0 0 1 1 1 0 1 1
0 1 1 1 1 1 1 1 1 1 1 0 1 0 1 1 0 0 0 0 1 0 1 0 1 1 1 0 0 0 1 1 0 1
1 0 1 1 1 0 1 0 0 1 0 1 0 1 0 1 1 0 1 1 1 1 1 1 1 1 1 1 0 1 0 1 1 0
0 0 0 0 1 0 1 0 0 0 0 0 0 1 1 1 0 1 0 1 1 1 0 1 0 0 1 0 1 0 1 0 1 1
0 1 1 0 0 1 0 1 0 0 1 1 1 1 1 0 0 0 0 0 0 1 0 1 0 0 0 0 0 0 1 1 1 0
1 0 0 1 1 1 1 1 1 0 1 0 1 0 1 0 1 0 1 1 0 0 1 0 1 0 0 1 1 1 1 1 0 0
0 1 1 1 0 1 0 1 1 0 1 1 0 1 0 1 1 1 0 0 1 1 1 1 1 1 0 1 0 1 0 1 0 1
0 0 0 1 1 0 1 0 1 1 0 0 1 0 1 0 1 0 1 1 1 0 1 0 1 1 0 1 1 0 1 0 1 1
1 0 1 1 0 1 0 1 1 1 0 1 0 0 0 1 1 0 0 0 1 1 0 1 0 1 1 0 0 1 0 1 0 1
0 0 0 0 1 0 1 0 1 1 0 0 0 0 0 1 0 1 0 1 1 0 1 0 1 1 1 0 1 0 0 0 1 1
0 0 1 0 0 1 0 1 1 0 1 1 0 0 0 1 1 0 0 0 0 1 0 1 0 1 1 0 0 0 0 0 1 0
0 0 0 1 1 0 1 0 1 1 1 1 0 0 0 0 1 0 0 1 0 0 1 0 1 1 0 1 1 0 0 0 1 1
0 1 1 1 0 0 1 1 1 0 1 1 1 1 0 0 1 0 0 0 1 1 0 1 0 1 1 1 1 0 0 0 0 1
1 0 0 1 1 0 1 0 0 1 0 1 1 1 1 1 0 0 1 1 1 0 0 1 1 1 0 1 1 1 1 0 0 1
0 0 1 1 0 0 1 1 1 1 1 1 1 1 1 1 1 1 0 0 1 1 0 1 0 0 1 0 1 1 1 1 1 0
0 1 0 0 1 0 0 1 1 0 1 0 1 0 1 0 1 0 0 1 1 0 0 1 1 1 1 1 1 1 1 1 1 1
0 0 1 0 0 0 1 0 0 0 1 0 1 1 1 0 1 0 1 0 0 1 0 0 1 1 0 1 0 1 0 1 0 1
0 0 0 1 1 1 0 1 1 1 0 1 0 1 0 1 0 0 0 1 0 0 0 1 0 0 0 1 0 1 1 1 0 1
1 0 1 1 1 0 1 0 0 0 0 1 1 1 0 1 1 0 0 0 1 1 1 0 1 1 1 0 1 0 1 0 1 0
0 0 0 1 0 1 0 1 1 1 0 0 0 1 1 0 1 1 0 1 1 1 0 1 0 0 0 0 1 1 1 0 1 1
0 1 1 1 1 1 1 1 1 1 1 0 1 0 1 1 0 0 0 0 1 0 1 0 1 1 1 0 0 0 1 1 0 1
1 0 1 1 1 0 1 0 0 1 0 1 0 1 0 1 1 0 1 1 1 1 1 1 1 1 1 1 0 1 0 1 1 0
0 0 0 0 1 0 1 0 0 0 0 0 0 1 1 1 0 1 0 1 1 1 0 1 0 0 1 0 1 0 1 0 1 1
0 1 1 0 0 1 0 1 0 0 1 1 1 1 1 0 0 0 0 0 0 1 0 1 0 0 0 0 0 0 1 1 1 0
1 0 0 1 1 1 1 1 1 0 1 0 1 0 1 0 1 0 1 1 0 0 1 0 1 0 0 1 1 1 1 1 0 0
0 1 1 1 0 1 0 1 1 0 1 1 0 1 0 1 1 1 0 0 1 1 1 1 1 1 0 1 0 1 0 1 0 1
0 0 0 1 1 0 1 0 1 1 0 0 1 0 1 0 1 0 1 1 1 0 1 0 1 1 0 1 1 0 1 0 1 1
1 0 1 1 0 1 0 1 1 1 0 1 0 0 0 1 1 0 0 0 1 1 0 1 0 1 1 0 0 1 0 1 0 1
0 0 0 0 1 0 1 0 1 1 0 0 0 0 0 1 0 1 0 1 1 0 1 0 1 1 1 0 1 0 0 0 1 1
0 0 1 0 0 1 0 1 1 0 1 1 0 0 0 1 1 0 0 0 0 1 0 1 0 1 1 0 0 0 0 0 1 0
0 0 0 1 1 0 1 0 1 1 1 1 0 0 0 0 1 0 0 1 0 0 1 0 1 1 0 1 1 0 0 0 1 1
0 1 1 1 0 0 1 1 1 0 1 1 1 1 0 0 1 0 0 0 1 1 0 1 0 1 1 1 1 0 0 0 0 1
1 0 0 1 1 0 1 0 0 1 0 1 1 1 1 1 0 0 1 1 1 0 0 1 1 1 0 1 1 1 1 0 0 1
0 0 1 1 0 0 1 1 1 1 1 1 1 1 1 1 1 1 0 0 1 1 0 1 0 0 1 0 1 1 1 1 1 0
0 1 0 0 1 0 0 1 1 0 1 0 1 0 1 0 1 0 0 1 1 0 0 1 1 1 1 1 1 1 1 1 1 1
0 0 1 0 0 0 1 0 0 0 1 0 1 1 1 0 1 0 1 0 0 1 0 0 1 1 0 1 0 1 0 1 0 1
0 0 0 1 1 1 0 1 1 1 0 1 0 1 0 1 0 0 0 1 0 0 0 1 0 0 0 1 0 1 1 1 0 1
1 0 1 1 1 0 1 0 0 0 0 1 1 1 0 1 1 0 0 0 1 1 1 0 1 1 1 0 1 0 1 0 1 0
0 0 0 1 0 1 0 1 1 1 0 0 0 1 1 0 1 1 0 1 1 1 0 1 0 0 0 0 1 1 1 0 1 1
0 1 1 1 1 1 1 1 1 1 1 0 1 0 1 1 0 0 0 0 1 0 1 0 1 1 1 0 0 0 1 1 0 1
1 0 1 1 1 0 1 0 0 1 0 1 0 1 0 1 1 0 1 1 1 1 1 1 1 1 1 1 0 1 0 1 1 0
0 0 0 0 1 0 1 0 0 0 0 0 0 1 1 1 0 1 0 1 1 1 0 1 0 0 1 0 1 0 1 0 1 1
0 1 1 0 0 1 0 1 0 0 1 1 1 1 1 0 0 0 0 0 0 1 0 1 0 0 0 0 0 0 1 1 1 0
1 0 0 1 1 1 1 1 1 0 1 0 1 0 1 0 1 0 1 1 0 0 1 0 1 0 0 1 1 1 1 1 0 0
0 1 1 1 0 1 0 1 1 0 1 1 0 1 0 1 1 1 0 0 1 1 1 1 1 1 0 1 0 1 0 1 0 1
0 0 0 1 1 0 1 0 1 1 0 0 1 0 1 0 1 0 1 1 1 0 1 0 1 1 0 1 1 0 1 0 1 1
1 0 1 1 0 1 0 1 1 1 0 1 0 0 0 1 1 0 0 0 1 1 0 1 0 1 1 0 0 1 0 1 0 1
0 0 0 0 1 0 1 0 1 1 0 0 0 0 0 1 0 1 0 1 1 0 1 0 1 1 1 0 1 0 0 0 1 1
0 0 1 0 0 1 0 1 1 0 1 1 0 0 0 1 1 0 0 0 0 1 0 1 0 1 1 0 0 0 0 0 1 0
0 0 0 1 1 0 1 0 1 1 1 1 0 0 0 0 1 0 0 1 0 0 1 0 1 1 0 1 1 0 0 0 1 1
0 1 1 1 0 0 1 1 1 0 1 1 1 1 0 0 1 0 0 0 1 1 0 1 0 1 1 1 1 0 0 0 0 1
1 0 0 1 1 0 1 0 0 1 0 1 1 1 1 1 0 0 1 1 1 0 0 1 1 1 0 1 1 1 1 0 0 1
0 0 1 1 0 0 1 1 1 1 1 1 1 1 1 1 1 1 0 0 1 1 0 1 0 0 1 0 1 1 1 1 1 0
0 1 0 0 1 0 0 1 1 0 1 0 1 0 1 0 1 0 0 1 1 0 0 1 1 1 1 1 1 1 1 1 1 1
0 0 1 0 0 0 1 0 0 0 1 0 1 1 1 0 1 0 1 0 0 1 0 0 1 1 0 1 0 1 0 1 0 1
0 0 0 1 1 1 0 1 1 1 0 1 0 1 0 1 0 0 0 1 0 0 0 1 0 0 0 1 0 1 1 1 0 1
1 0 1 1 1 0 1 0 0 0 0 1 1 1 0 1 1 0 0 0 1 1 1 0 1 1 1 0 1 0 1 0 1 0
0 0 0 1 0 1 0 1 1 1 0 0 0 1 1 0 1 1 0 1 1 1 0 1 0 0 0 0 1 1 1 0 1 1
0 1 1 1 1 1 1 1 1 1 1 0 1 0 1 1 0 0 0 0 1 0 1 0 1 1 1 0 0 0 1 1 0 1
1 0 1 1 1 0 1 0 0 1 0 1 0 1 0 1 1 0 1 1 1 1 1 1 1 1 1 1 0 1 0 1 1 0
0 0 0 0 1 0 1 0 0 0 0 0 0 1 1 1 0 1 0 1 1 1 0 1 0 0 1 0 1 0 1 0 1 1
0 1 1 0 0 1 0 1 0 0 1 1 1 1 1 0 0 0 0 0 0 1 0 1 0 0 0 0 0 0 1 1 1 0
1 0 0 1 1 1 1 1 1 0 1 0 1 0 1 0 1 0 1 1 0 0 1 0 1 0 0 1 1 1 1 1 0 0
0 1 1 1 0 1 0 1 1 0 1 1 0 1 0 1 1 1 0 0 1 1 1 1 1 1 0 1 0 1 0 1 0 1
0 0 0 1 1 0 1 0 1 1 0 0 1 0 1 0 1 0 1 1 1 0 1 0 1 1 0 1 1 0 1 0 1 1
1 0 1 1 0 1 0 1 1 1 0 1 0 0 0 1 1 0 0 0 1 1 0 1 0 1 1 0 0 1 0 1 0 1
0 0 0 0 1 0 1 0 1 1 0 0 0 0 0 1 0 1 0 1 1 0 1 0 1 1 1 0 1 0 0 0 1 1
0 0 1 0 0 1 0 1 1 0 1 1 0 0 0 1 1 0 0 0 0 1 0 1 0 1 1 0 0 0 0 0 1 0
0 0 0 1 1 0 1 0 1 1 1 1 0 0 0 0 1 0 0 1 0 0 1 0 1 1 0 1 1 0 0 0 1 1
0 1 1 1 0 0 1 1 1 0 1 1 1 1 0 0 1 0 0 0 1 1 0 1 0 1 1 1 1 0 0 0 0 1
1 0 0 1 1 0 1 0 0 1 0 1 1 1 1 1 0 0 1 1 1 0 0 1 1 1 0 1 1 1 1 0 0 1
0 0 1 1 0 0 1 1 1 1 1 1 1 1 1 1 1 1 0 0 1 1 0 1 0 0 1 0 1 1 1 1 1 0
0 1 0 0 1 0 0 1 1 0 1 0 1 0 1 0 1 0 0 1 1 0 0 1 1 1 1 1 1 1 1 1 1 1
0 0 1 0 0 0 1 0 0 0 1 0 1 1 1 0 1 0 1 0 0 1 0 0 1 1 0 1 0 1 0 1 0 1
0 0 0 1 1 1 0 1 1 1 0 1 0 1 0 1 0 0 0 1 0 0 0 1 0 0 0 1 0 1 1 1 0 1
1 0 1 1 1 0 1 0 0 0 0 1 1 1 0 1 1 0 0 0 1 1 1 0 1 1 1 0 1 0 1 0 1 0
0 0 0 1 0 1 0 1 1 1 0 0 0 1 1 0 1 1 0 1 1 1 0 1 0 0 0 0 1 1 1 0 1 1
0 1 1 1 1 1 1 1 1 1 1 0 1 0 1 1 0 0 0 0 1 0 1 0 1 1 1 0 0 0 1 1 0 1
1 0 1 1 1 0 1 0 0 1 0 1 0 1 0 1 1 0 1 1 1 1 1 1 1 1 1 1 0 1 0 1 1 0
0 0 0 0 1 0 1 0 0 0 0 0 0 1 1 1 0 1 0 1 1 1 0 1 0 0 1 0 1 0 1 0 1 1
0 1 1 0 0 1 0 1 0 0 1 1 1 1 1 0 0 0 0 0 0 1 0 1 0 0 0 0 0 0 1 1 1 0
1 0 0 1 1 1 1 1 1 0 1 0 1 0 1 0 1 0 1 1 0 0 1 0 1 0 0 1 1 1 1 1 0 0
0 1 1 1 0 1 0 1 1 0 1 1 0 1 0 1 1 1 0 0 1 1 1 1 1 1 0 1 0 1 0 1 0 1
0 0 0 1 1 0 1 0 1 1 0 0 1 0 1 0 1 0 1 1 1 0 1 0 1 1 0 1 1 0 1 0 1 1
1 0 1 1 0 1 0 1 1 1 0 1 0 0 0 1 1 0 0 0 1 1 0 1 0 1 1 0 0 1 0 1 0 1
0 0 0 0 1 0 1 0 1 1 0 0 0 0 0 1 0 1 0 1 1 0 1 0 1 1 1 0 1 0 0 0 1 1
0 0 1 0 0 1 0 1 1 0 1 1 0 0 0 1 1 0 0 0 0 1 0 1 0 1 1 0 0 0 0 0 1 0
0 0 0 1 1 0 1 0 1 1 1 1 0 0 0 0 1 0 0 1 0 0 1 0 1 1 0 1 1 0 0 0 1 1
0 1 1 1 0 0 1 1 1 0 1 1 1 1 0 0 1 0 0 0 1 1 0 1 0 1 1 1 1 0 0 0 0 1
1 0 0 1 1 0 1 0 0 1 0 1 1 1 1 1 0 0 1 1 1 0 0 1 1 1 0 1 1 1 1 0 0 1
0 0 1 1 0 0 1 1 1 1 1 1 1 1 1 1 1 1 0 0 1 1 0 1 0 0 1 0 1 1 1 1 1 0
0 1 0 0 1 0 0 1 1 0 1 0 1 0 1 0 1 0 0 1 1 0 0 1 1 1 1 1 1 1 1 1 1 1
0 0 1 0 0 0 1 0 0 0 1 0 1 1 1 0 1 0 1 0 0 1 0 0 1 1 0 1 0 1 0 1 0 1
0 0 0 1 1 1 0 1 1 1 0 1 0 1 0 1 0 0 0 1 0 0 0 1 0 0 0 1 0 1 1 1 0 1
1 0 1 1 1 0 1 0 0 0 0 1 1 1 0 1 1 0 0 0 1 1 1 0 1 1 1 0 1 0 1 0 1 0
0 0 0 1 0 1 0 1 1 1 0 0 0 1 1 0 1 1 0 1 1 1 0 1 0 0 0 0 1 1 1 0 1 1
0 1 1 1 1 1 1 1 1 1 1 0 1 0 1 1 0 0 0 0 1 0 1 0 1 1 1 0 0 0 1 1 0 1
1 0 1 1 1 0 1 0 0 1 0 1 0 1 0 1 1 0 1 1 1 1 1 1 1 1 1 1 0 1 0 1 1 0
0 0 0 0 1 0 1 0 0 0 0 0 0 1 1 1 0 1 0 1 1 1 0 1 0 0 1 0 1 0 1 0 1 1
0 1 1 0 0 1 0 1 0 0 1 1 1 1 1 0 0 0 0 0 0 1 0 1 0 0 0 0 0 0 1 1 1 0
1 0 0 1 1 1 1 1 1 0 1 0 1 0 1 0 1 0 1 1 0 0 1 0 1 0 0 1 1 1 1 1 0 0
0 1 1 1 0 1 0 1 1 0 1 1 0 1 0 1 1 1 0 0 1 1 1 1 1 1 0 1 0 1 0 1 0 1
0 0 0 1 1 0 1 0 1 1 0 0 1 0 1 0 1 0 1 1 1 0 1 0 1 1 0 1 1 0 1 0 1 1
1 0 1 1 0 1 0 1 1 1 0 1 0 0 0 1 1 0 0 0 1 1 0 1 0 1 1 0 0 1 0 1 0 1
0 0 0 0 1 0 1 0 1 1 0 0 0 0 0 1 0 1 0 1 1 0 1 0 1 1 1 0 1 0 0 0 1 1
0 0 1 0 0 1 0 1 1 0 1 1 0 0 0 1 1 0 0 0 0 1 0 1 0 1 1 0 0 0 0 0 1 0
0 0 0 1 1 0 1 0 1 1 1 1 0 0 0 0 1 0 0 1 0 0 1 0 1 1 0 1 1 0 0 0 1 1
0 1 1 1 0 0 1 1 1 0 1 1 1 1 0 0 1 0 0 0 1 1 0 1 0 1 1 1 1 0 0 0 0 1
1 0 0 1 1 0 1 0 0 1 0 1 1 1 1 1 0 0 1 1 1 0 0 1 1 1 0 1 1 1 1 0 0 1
0 0 1 1 0 0 1 1 1 1 1 1 1 1 1 1 1 1 0 0 1 1 0 1 0 0 1 0 1 1 1 1 1 0
0 1 0 0 1 0 0 1 1 0 1 0 1 0 1 0 1 0 0 1 1 0 0 1 1 1 1 1 1 1 1 1 1 1
0 0 1 0 0 0 1 0 0 0 1 0 1 1 1 0 1 0 1 0 0 1 0 0 1 1 0 1 0 1 0 1 0 1
0 0 0 1 1 1 0 1 1 1 0 1 0 1 0 1 0 0 0 1 0 0 0 1 0 0 0 1 0 1 1 1 0 1
1 0 1 1 1 0 1 0 0 0 0 1 1 1 0 1 1 0 0 0 1 1 1 0 1 1 1 0 1 0 1 0 1 0
0 0 0 1 0 1 0 1 1 1 0 0 0 1 1 0 1 1 0 1 1 1 0 1 0 0 0 0 1 1 1 0 1 1
0 1 1 1 1 1 1 1 1 1 1 0 1 0 1 1 0 0 0 0 1 0 1 0 1 1 1 0 0 0 1 1 0 1
1 0 1 1 1 0 1 0 0 1 0 1 0 1 0 1 1 0 1 1 1 1 1 1 1 1 1 1 0 1 0 1 1 0
0 0 0 0 1 0 1 0 0 0 0 0 0 1 1 1 0 1 0 1 1 1 0 1 0 0 1 0 1 0 1 0 1 1
0 1 1 0 0 1 0 1 0 0 1 1 1 1 1 0 0 0 0 0 0 1 0 1 0 0 0 0 0 0 1 1 1 0
1 0 0 1 1 1 1 1 1 0 1 0 1 0 1 0 1 0 1 1 0 0 1 0 1 0 0 1 1 1 1 1 0 0
0 1 1 1 0 1 0 1 1 0 1 1 0 1 0 1 1 1 0 0 1 1 1 1 1 1 0 1 0 1 0 1 0 1
0 0 0 1 1 0 1 0 1 1 0 0 1 0 1 0 1 0 1 1 1 0 1 0 1 1 0 1 1 0 1 0 1 1
1 0 1 1 0 1 0 1 1 1 0 1 0 0 0 1 1 0 0 0 1 1 0 1 0 1 1 0 0 1 0 1 0 1
0 0 0 0 1 0 1 0 1 1 0 0 0 0 0 1 0 1 0 1 1 0 1 0 1 1 1 0 1 0 0 0 1 1
0 0 1 0 0 1 0 1 1 0 1 1 0 0 0 1 1 0 0 0 0 1 0 1 0 1 1 0 0 0 0 0 1 0
0 0 0 1 1 0 1 0 1 1 1 1 0 0 0 0 1 0 0 1 0 0 1 0 1 1 0 1 1 0 0 0 1 1
0 1 1 1 0 0 1 1 1 0 1 1 1 1 0 0 1 0 0 0 1 1 0 1 0 1 1 1 1 0 0 0 0 1
1 0 0 1 1 0 1 0 0 1 0 1 1 1 1 1 0 0 1 1 1 0 0 1 1 1 0 1 1 1 1 0 0 1
0 0 1 1 0 0 1 1 1 1 1 1 1 1 1 1 1 1 0 0 1 1 0 1 0 0 1 0 1 1 1 1 1 0
0 1 0 0 1 0 0 1 1 0 1 0 1 0 1 0 1 0 0 1 1 0 0 1 1 1 1 1 1 1 1 1 1 1
0 0 1 0 0 0 1 0 0 0 1 0 1 1 1 0 1 0 1 0 0 1 0 0 1 1 0 1 0 1 0 1 0 1
0 0 0 1 1 1 0 1 1 1 0 1 0 1 0 1 0 0 0 1 0 0 0 1 0 0 0 1 0 1 1 1 0 1
1 0 1 1 1 0 1 0 0 0 0 1 1 1 0 1 1 0 0 0 1 1 1 0 1 1 1 0 1 0 1 0 1 0
0 0 0 1 0 1 0 1 1 1 0 0 0 1 1 0 1 1 0 1 1 1 0 1 0 0 0 0 1 1 1 0 1 1
0 1 1 1 1 1 1 1 1 1 1 0 1 0 1 1 0 0 0 0 1 0 1 0 1 1 1 0 0 0 1 1 0 1
1 0 1 1 1 0 1 0 0 1 0 1 0 1 0 1 1 0 1 1 1 1 1 1 1 1 1 1 0 1 0 1 1 0
0 0 0 0 1 0 1 0 0 0 0 0 0 1 1 1 0 1 0 1 1 1 0 1 0 0 1 0 1 0 1 0 1 1
0 1 1 0 0 1 0 1 0 0 1 1 1 1 1 0 0 0 0 0 0 1 0 1 0 0 0 0 0 0 1 1 1 0
1 0 0 1 1 1 1 1 1 0 1 0 1 0 1 0 1 0 1 1 0 0 1 0 1 0 0 1 1 1 1 1 0 0
0 1 1 1 0 1 0 1 1 0 1 1 0 1 0 1 1 1 0 0 1 1 1 1 1 1 0 1 0 1 0 1 0 1
0 0 0 1 1 0 1 0 1 1 0 0 1 0 1 0 1 0 1 1 1 0 1 0 1 1 0 1 1 0 1 0 1 1
1 0 1 1 0 1 0 1 1 1 0 1 0 0 0 1 1 0 0 0 1 1 0 1 0 1 1 0 0 1 0 1 0 1
0 0 0 0 1 0 1 0 1 1 0 0 0 0 0 1 0 1 0 1 1 0 1 0 1 1 1 0 1 0 0 0 1 1
0 0 1 0 0 1 0 1 1 0 1 1 0 0 0 1 1 0 0 0 0 1 0 1 0 1 1 0 0 0 0 0 1 0
0 0 0 1 1 0 1 0 1 1 1 1 0 0 0 0 1 0 0 1 0 0 1 0 1 1 0 1 1 0 0 0 1 1
0 1 1 1 0 0 1 1 1 0 1 1 1 1 0 0 1 0 0 0 1 1 0 1 0 1 1 1 1 0 0 0 0 1
1 0 0 1 1 0 1 0 0 1 0 1 1 1 1 1 0 0 1 1 1 0 0 1 1 1 0 1 1 1 1 0 0 1
0 0 1 1 0 0 1 1 1 1 1 1 1 1 1 1 1 1 0 0 1 1 0 1 0 0 1 0 1 1 1 1 1 0
0 1 0 0 1 0 0 1 1 0 1 0 1 0 1 0 1 0 0 1 1 0 0 1 1 1 1 1 1 1 1 1 1 1
0 0 1 0 0 0 1 0 0 0 1 0 1 1 1 0 1 0 1 0 0 1 0 0 1 1 0 1 0 1 0 1 0 1
0 0 0 1 1 1 0 1 1 1 0 1 0 1 0 1 0 0 0 1 0 0 0 1 0 0 0 1 0 1 1 1 0 1
1 0 1 1 1 0 1 0 0 0 0 1 1 1 0 1 1 0 0 0 1 1 1 0 1 1 1 0 1 0 1 0 1 0
0 0 0 1 0 1 0 1 1 1 0 0 0 1 1 0 1 1 0 1 1 1 0 1 0 0 0 0 1 1 1 0 1 1
0 1 1 1 1 1 1 1 1 1 1 0 1 0 1 1 0 0 0 0 1 0 1 0 1 1 1 0 0 0 1 1 0 1
1 0 1 1 1 0 1 0 0 1 0 1 0 1 0 1 1 0 1 1 1 1 1 1 1 1 1 1 0 1 0 1 1 0
0 0 0 0 1 0 1 0 0 0 0 0 0 1 1 1 0 1 0 1 1 1 0 1 0 0 1 0 1 0 1 0 1 1
0 1 1 0 0 1 0 1 0 0 1 1 1 1 1 0 0 0 0 0 0 1 0 1 0 0 0 0 0 0 1 1 1 0
1 0 0 1 1 1 1 1 1 0 1 0 1 0 1 0 1 0 1 1 0 0 1 0 1 0 0 1 1 1 1 1 0 0
0 1 1 1 0 1 0 1 1 0 1 1 0 1 0 1 1 1 0 0 1 1 1 1 1 1 0 1 0 1 0 1 0 1
0 0 0 1 1 0 1 0 1 1 0 0 1 0 1 0 1 0 1 1 1 0 1 0 1 1 0 1 1 0 1 0 1 1
1 0 1 1 0 1 0 1 1 1 0 1 0 0 0 1 1 0 0 0 1 1 0 1 0 1 1 0 0 1 0 1 0 1
0 0 0 0 1 0 1 0 1 1 0 0 0 0 0 1 0 1 0 1 1 0 1 0 1 1 1 0 1 0 0 0 1 1
0 0 1 0 0 1 0 1 1 0 1 1 0 0 0 1 1 0 0 0 0 1 0 1 0 1 1 0 0 0 0 0 1 0
0 0 0 1 1 0 1 0 1 1 1 1 0 0 0 0 1 0 0 1 0 0 1 0 1 1 0 1 1 0 0 0 1 1
0 1 1 1 0 0 1 1 1 0 1 1 1 1 0 0 1 0 0 0 1 1 0 1 0 1 1 1 1 0 0 0 0 1
1 0 0 1 1 0 1 0 0 1 0 1 1 1 1 1 0 0 1 1 1 0 0 1 1 1 0 1 1 1 1 0 0 1
0 0 1 1 0 0 1 1 1 1 1 1 1 1 1 1 1 1 0 0 1 1 0 1 0 0 1 0 1 1 1 1 1 0
0 1 0 0 1 0 0 1 1 0 1 0 1 0 1 0 1 0 0 1 1 0 0 1 1 1 1 1 1 1 1 1 1 1
0 0 1 0 0 0 1 0 0 0 1 0 1 1 1 0 1 0 1 0 0 1 0 0 1 1 0 1 0 1 0 1 0 1
0 0 0 1 1 1 0 1 1 1 0 1 0 1 0 1 0 0 0 1 0 0 0 1 0 0 0 1 0 1 1 1 0 1
1 0 1 1 1 0 1 0 0 0 0 1 1 1 0 1 1 0 0 0 1 1 1 0 1 1 1 0 1 0 1 0 1 0
0 0 0 1 0 1 0 1 1 1 0 0 0 1 1 0 1 1 0 1 1 1 0 1 0 0 0 0 1 1 1 0 1 1
0 1 1 1 1 1 1 1 1 1 1 0 1 0 1 1 0 0 0 0 1 0 1 0 1 1 1 0 0 0 1 1 0 1
1 0 1 1 1 0 1 0 0 1 0 1 0 1 0 1 1 0 1 1 1 1 1 1 1 1 1 1 0 1 0 1 1 0
0 0 0 0 1 0 1 0 0 0 0 0 0 1 1 1 0 1 0 1 1 1 0 1 0 0 1 0 1 0 1 0 1 1
0 1 1 0 0 1 0 1 0 0 1 1 1 1 1 0 0 0 0 0 0 1 0 1 0 0 0 0 0 0 1 1 1 0
1 0 0 1 1 1 1 1 1 0 1 0 1 0 1 0 1 0 1 1 0 0 1 0 1 0 0 1 1 1 1 1 0 0
0 1 1 1 0 1 0 1 1 0 1 1 0 1 0 1 1 1 0 0 1 1 1 1 1 1 0 1 0 1 0 1 0 1
0 0 0 1 1 0 1 0 1 1 0 0 1 0 1 0 1 0 1 1 1 0 1 0 1 1 0 1 1 0 1 0 1 1
1 0 1 1 0 1 0 1 1 1 0 1 0 0 0 1 1 0 0 0 1 1 0 1 0 1 1 0 0 1 0 1 0 1
0 0 0 0 1 0 1 0 1 1 0 0 0 0 0 1 0 1 0 1 1 0 1 0 1 1 1 0 1 0 0 0 1 1
0 0 1 0 0 1 0 1 1 0 1 1 0 0 0 1 1 0 0 0 0 1 0 1 0 1 1 0 0 0 0 0 1 0
0 0 0 1 1 0 1 0 1 1 1 1 0 0 0 0 1 0 0 1 0 0 1 0 1 1 0 1 1 0 0 0 1 1
0 1 1 1 0 0 1 1 1 0 1 1 1 1 0 0 1 0 0 0 1 1 0 1 0 1 1 1 1 0 0 0 0 1
1 0 0 1 1 0 1 0 0 1 0 1 1 1 1 1 0 0 1 1 1 0 0 1 1 1 0 1 1 1 1 0 0 1
0 0 1 1 0 0 1 1 1 1 1 1 1 1 1 1 1 1 0 0 1 1 0 1 0 0 1 0 1 1 1 1 1 0
0 1 0 0 1 0 0 1 1 0 1 0 1 0 1 0 1 0 0 1 1 0 0 1 1 1 1 1 1 1 1 1 1 1
0 0 1 0 0 0 1 0 0 0 1 0 1 1 1 0 1 0 1 0 0 1 0 0 1 1 0 1 0 1 0 1 0 1
0 0 0 1 1 1 0 1 1 1 0 1 0 1 0 1 0 0 0 1 0 0 0 1 0 0 0 1 0 1 1 1 0 1
1 0 1 1 1 0 1 0 0 0 0 1 1 1 0 1 1 0 0 0 1 1 1 0 1 1 1 0 1 0 1 0 1 0
0 0 0 1 0 1 0 1 1 1 0 0 0 1 1 0 1 1 0 1 1 1 0 1 0 0 0 0 1 1 1 0 1 1
0 1 1 1 1 1 1 1 1 1 1 0 1 0 1 1 0 0 0 0 1 0 1 0 1 1 1 0 0 0 1 1 0 1
1 0 1 1 1 0 1 0 0 1 0 1 0 1 0 1 1 0 1 1 1 1 1 1 1 1 1 1 0 1 0 1 1 0
0 0 0 0 1 0 1 0 0 0 0 0 0 1 1 1 0 1 0 1 1 1 0 1 0 0 1 0 1 0 1 0 1 1
0 1 1 0 0 1 0 1 0 0 1 1 1 1 1 0 0 0 0 0 0 1 0 1 0 0 0 0 0 0 1 1 1 0
1 0 0 1 1 1 1 1 1 0 1 0 1 0 1 0 1 0 1 1 0 0 1 0 1 0 0 1 1 1 1 1 0 0
0 1 1 1 0 1 0 1 1 0 1 1 0 1 0 1 1 1 0 0 1 1 1 1 1 1 0 1 0 1 0 1 0 1
0 0 0 1 1 0 1 0 1 1 0 0 1 0 1 0 1 0 1 1 1 0 1 0 1 1 0 1 1 0 1 0 1 1
1 0 1 1 0 1 0 1 1 1 0 1 0 0 0 1 1 0 0 0 1 1 0 1 0 1 1 0 0 1 0 1 0 1
0 0 0 0 1 0 1 0 1 1 0 0 0 0 0 1 0 1 0 1 1 0 1 0 1 1 1 0 1 0 0 0 1 1
0 0 1 0 0 1 0 1 1 0 1 1 0 0 0 1 1 0 0 0 0 1 0 1 0 1 1 0 0 0 0 0 1 0
0 0 0 1 1 0 1 0 1 1 1 1 0 0 0 0 1 0 0 1 0 0 1 0 1 1 0 1 1 0 0 0 1 1
0 1 1 1 0 0 1 1 1 0 1 1 1 1 0 0 1 0 0 0 1 1 0 1 0 1 1 1 1 0 0 0 0 1
1 0 0 1 1 0 1 0 0 1 0 1 1 1 1 1 0 0 1 1 1 0 0 1 1 1 0 1 1 1 1 0 0 1
0 0 1 1 0 0 1 1 1 1 1 1 1 1 1 1 1 1 0 0 1 1 0 1 0 0 1 0 1 1 1 1 1 0
0 1 0 0 1 0 0 1 1 0 1 0 1 0 1 0 1 0 0 1 1 0 0 1 1 1 1 1 1 1 1 1 1 1
0 0 1 0 0 0 1 0 0 0 1 0 1 1 1 0 1 0 1 0 0 1 0 0 1 1 0 1 0 1 0 1 0 1
0 0 0 1 1 1 0 1 1 1 0 1 0 1 0 1 0 0 0 1 0 0 0 1 0 0 0 1 0 1 1 1 0 1
1 0 1 1 1 0 1 0 0 0 0 1 1 1 0 1 1 0 0 0 1 1 1 0 1 1 1 0 1 0 1 0 1 0
0 0 0 1 0 1 0 1 1 1 0 0 0 1 1 0 1 1 0 1 1 1 0 1 0 0 0 0 1 1 1 0 1 1
0 1 1 1 1 1 1 1 1 1 1 0 1 0 1 1 0 0 0 0 1 0 1 0 1 1 1 0 0 0 1 1 0 1
1 0 1 1 1 0 1 0 0 1 0 1 0 1 0 1 1 0 1 1 1 1 1 1 1 1 1 1 0 1 0 1 1 0
0 0 0 0 1 0 1 0 0 0 0 0 0 1 1 1 0 1 0 1 1 1 0 1 0 0 1 0 1 0 1 0 1 1
0 1 1 0 0 1 0 1 0 0 1 1 1 1 1 0 0 0 0 0 0 1 0 1 0 0 0 0 0 0 1 1 1 0
1 0 0 1 1 1 1 1 1 0 1 0 1 0 1 0 1 0 1 1 0 0 1 0 1 0 0 1 1 1 1 1 0 0
0 1 1 1 0 1 0 1 1 0 1 1 0 1 0 1 1 1 0 0 1 1 1 1 1 1 0 1 0 1 0 1 0 1
0 0 0 1 1 0 1 0 1 1 0 0 1 0 1 0 1 0 1 1 1 0 1 0 1 1 0 1 1 0 1 0 1 1
1 0 1 1 0 1 0 1 1 1 0 1 0 0 0 1 1 0 0 0 1 1 0 1 0 1 1 0 0 1 0 1 0 1
0 0 0 0 1 0 1 0 1 1 0 0 0 0 0 1 0 1 0 1 1 0 1 0 1 1 1 0 1 0 0 0 1 1
0 0 1 0 0 1 0 1 1 0 1 1 0 0 0 1 1 0 0 0 0 1 0 1 0 1 1 0 0 0 0 0 1 0
0 0 0 1 1 0 1 0 1 1 1 1 0 0 0 0 1 0 0 1 0 0 1 0 1 1 0 1 1 0 0 0 1 1
0 1 1 1 0 0 1 1 1 0 1 1 1 1 0 0 1 0 0 0 1 1 0 1 0 1 1 1 1 0 0 0 0 1
1 0 0 1 1 0 1 0 0 1 0 1 1 1 1 1 0 0 1 1 1 0 0 1 1 1 0 1 1 1 1 0 0 1
0 0 1 1 0 0 1 1 1 1 1 1 1 1 1 1 1 1 0 0 1 1 0 1 0 0 1 0 1 1 1 1 1 0
0 1 0 0 1 0 0 1 1 0 1 0 1 0 1 0 1 0 0 1 1 0 0 1 1 1 1 1 1 1 1 1 1 1
0 0 1 0 0 0 1 0 0 0 1 0 1 1 1 0 1 0 1 0 0 1 0 0 1 1 0 1 0 1 0 1 0 1
0 0 0 1 1 1 0 1 1 1 0 1 0 1 0 1 0 0 0 1 0 0 0 1 0 0 0 1 0 1 1 1 0 1
1 0 1 1 1 0 1 0 0 0 0 1 1 1 0 1 1 0 0 0 1 1 1 0 1 1 1 0 1 0 1 0 1 0
0 0 0 1 0 1 0 1 1 1 0 0 0 1 1 0 1 1 0 1 1 1 0 1 0 0 0 0 1 1 1 0 1 1
0 1 1 1 1 1 1 1 1 1 1 0 1 0 1 1 0 0 0 0 1 0 1 0 1 1 1 0 0 0 1 1 0 1
1 0 1 1 1 0 1 0 0 1 0 1 0 1 0 1 1 0 1 1 1 1 1 1 1 1 1 1 0 1 0 1 1 0
0 0 0 0 1 0 1 0 0 0 0 0 0 1 1 1 0 1 0 1 1 1 0 1 0 0 1 0 1 0 1 0 1 1
0 1 1 0 0 1 0 1 0 0 1 1 1 1 1 0 0 0 0 0 0 1 0 1 0 0 0 0 0 0 1 1 1 0
1 0 0 1 1 1 1 1 1 0 1 0 1 0 1 0 1 0 1 1 0 0 1 0 1 0 0 1 1 1 1 1 0 0
0 1 1 1 0 1 0 1 1 0 1 1 0 1 0 1 1 1 0 0 1 1 1 1 1 1 0 1 0 1 0 1 0 1
0 0 0 1 1 0 1 0 1 1 0 0 1 0 1 0 1 0 1 1 1 0 1 0 1 1 0 1 1 0 1 0 1 1
1 0 1 1 0 1 0 1 1 1 0 1 0 0 0 1 1 0 0 0 1 1 0 1 0 1 1 0 0 1 0 1 0 1
0 0 0 0 1 0 1 0 1 1 0 0 0 0 0 1 0 1 0 1 1 0 1 0 1 1 1 0 1 0 0 0 1 1
0 0 1 0 0 1 0 1 1 0 1 1 0 0 0 1 1 0 0 0 0 1 0 1 0 1 1 0 0 0 0 0 1 0
0 0 0 1 1 0 1 0 1 1 1 1 0 0 0 0 1 0 0 1 0 0 1 0 1 1 0 1 1 0 0 0 1 1
0 1 1 1 0 0 1 1 1 0 1 1 1 1 0 0 1 0 0 0 1 1 0 1 0 1 1 1 1 0 0 0 0 1
1 0 0 1 1 0 1 0 0 1 0 1 1 1 1 1 0 0 1 1 1 0 0 1 1 1 0 1 1 1 1 0 0 1
0 0 1 1 0 0 1 1 1 1 1 1 1 1 1 1 1 1 0 0 1 1 0 1 0 0 1 0 1 1 1 1 1 0
0 1 0 0 1 0 0 1 1 0 1 0 1 0 1 0 1 0 0 1 1 0 0 1 1 1 1 1 1 1 1 1 1 1
0 0 1 0 0 0 1 0 0 0 1 0 1 1 1 0 1 0 1 0 0 1 0 0 1 1 0 1 0 1 0 1 0 1
0 0 0 1 1 1 0 1 1 1 0 1 0 1 0 1 0 0 0 1 0 0 0 1 0 0 0 1 0 1 1 1 0 1
1 0 1 1 1 0 1 0 0 0 0 1 1 1 0 1 1 0 0 0 1 1 1 0 1 1 1 0 1 0 1 0 1 0
0 0 0 1 0 1 0 1 1 1 0 0 0 1 1 0 1 1 0 1 1 1 0 1 0 0 0 0 1 1 1 0 1 1
0 1 1 1 1 1 1 1 1 1 1 0 1 0 1 1 0 0 0 0 1 0 1 0 1 1 1 0 0 0 1 1 0 1
1 0 1 1 1 0 1 0 0 1 0 1 0 1 0 1 1 0 1 1 1 1 1 1 1 1 1 1 0 1 0 1 1 0
0 0 0 0 1 0 1 0 0 0 0 0 0 1 1 1 0 1 0 1 1 1 0 1 0 0 1 0 1 0 1 0 1 1
0 1 1 0 0 1 0 1 0 0 1 1 1 1 1 0 0 0 0 0 0 1 0 1 0 0 0 0 0 0 1 1 1 0
1 0 0 1 1 1 1 1 1 0 1 0 1 0 1 0 1 0 1 1 0 0 1 0 1 0 0 1 1 1 1 1 0 0
0 1 1 1 0 1 0 1 1 0 1 1 0 1 0 1 1 1 0 0 1 1 1 1 1 1 0 1 0 1 0 1 0 1
0 0 0 1 1 0 1 0 1 1 0 0 1 0 1 0 1 0 1 1 1 0 1 0 1 1 0 1 1 0 1 0 1 1
1 0 1 1 0 1 0 1 1 1 0 1 0 0 0 1 1 0 0 0 1 1 0 1 0 1 1 0 0 1 0 1 0 1
0 0 0 0 1 0 1 0 1 1 0 0 0 0 0 1 0 1 0 1 1 0 1 0 1 1 1 0 1 0 0 0 1 1
0 0 1 0 0 1 0 1 1 0 1 1 0 0 0 1 1 0 0 0 0 1 0 1 0 1 1 0 0 0 0 0 1 0
0 0 0 1 1 0 1 0 1 1 1 1 0 0 0 0 1 0 0 1 0 0 1 0 1 1 0 1 1 0 0 0 1 1
0 1 1 1 0 0 1 1 1 0 1 1 1 1 0 0 1 0 0 0 1 1 0 1 0 1 1 1 1 0 0 0 0 1
1 0 0 1 1 0 1 0 0 1 0 1 1 1 1 1 0 0 1 1 1 0 0 1 1 1 0 1 1 1 1 0 0 1
0 0 1 1 0 0 1 1 1 1 1 1 1 1 1 1 1 1 0 0 1 1 0 1 0 0 1 0 1 1 1 1 1 0
0 1 0 0 1 0 0 1 1 0 1 0 1 0 1 0 1 0 0 1 1 0 0 1 1 1 1 1 1 1 1 1 1 1
0 0 1 0 0 0 1 0 0 0 1 0 1 1 1 0 1 0 1 0 0 1 0 0 1 1 0 1 0 1 0 1 0 1
0 0 0 1 1 1 0 1 1 1 0 1 0 1 0 1 0 0 0 1 0 0 0 1 0 0 0 1 0 1 1 1 0 1
1 0 1 1 1 0 1 0 0 0 0 1 1 1 0 1 1 0 0 0 1 1 1 0 1 1 1 0 1 0 1 0 1 0
0 0 0 1 0 1 0 1 1 1 0 0 0 1 1 0 1 1 0 1 1 1 0 1 0 0 0 0 1 1 1 0 1 1
0 1 1 1 1 1 1 1 1 1 1 0 1 0 1 1 0 0 0 0 1 0 1 0 1 1 1 0 0 0 1 1 0 1
1 0 1 1 1 0 1 0 0 1 0 1 0 1 0 1 1 0 1 1 1 1 1 1 1 1 1 1 0 1 0 1 1 0
0 0 0 0 1 0 1 0 0 0 0 0 0 1 1 1 0 1 0 1 1 1 0 1 0 0 1 0 1 0 1 0 1 1
0 1 1 0 0 1 0 1 0 0 1 1 1 1 1 0 0 0 0 0 0 1 0 1 0 0 0 0 0 0 1 1 1 0
1 0 0 1 1 1 1 1 1 0 1 0 1 0 1 0 1 0 1 1 0 0 1 0 1 0 0 1 1 1 1 1 0 0
0 1 1 1 0 1 0 1 1 0 1 1 0 1 0 1 1 1 0 0 1 1 1 1 1 1 0 1 0 1 0 1 0 1
0 0 0 1 1 0 1 0 1 1 0 0 1 0 1 0 1 0 1 1 1 0 1 0 1 1 0 1 1 0 1 0 1 1
1 0 1 1 0 1 0 1 1 1 0 1 0 0 0 1 1 0 0 0 1 1 0 1 0 1 1 0 0 1 0 1 0 1
0 0 0 0 1 0 1 0 1 1 0 0 0 0 0 1 0 1 0 1 1 0 1 0 1 1 1 0 1 0 0 0 1 1
0 0 1 0 0 1 0 1 1 0 1 1 0 0 0 1 1 0 0 0 0 1 0 1 0 1 1 0 0 0 0 0 1 0
0 0 0 1 1 0 1 0 1 1 1 1 0 0 0 0 1 0 0 1 0 0 1 0 1 1 0 1 1 0 0 0 1 1
0 1 1 1 0 0 1 1 1 0 1 1 1 1 0 0 1 0 0 0 1 1 0 1 0 1 1 1 1 0 0 0 0 1
1 0 0 1 1 0 1 0 0 1 0 1 1 1 1 1 0 0 1 1 1 0 0 1 1 1 0 1 1 1 1 0 0 1
0 0 1 1 0 0 1 1 1 1 1 1 1 1 1 1 1 1 0 0 1 1 0 1 0 0 1 0 1 1 1 1 1 0
0 1 0 0 1 0 0 1 1 0 1 0 1 0 1 0 1 0 0 1 1 0 0 1 1 1 1 1 1 1 1 1 1 1
0 0 1 0 0 0 1 0 0 0 1 0 1 1 1 0 1 0 1 0 0 1 0 0 1 1 0 1 0 1 0 1 0 1
0 0 0 1 1 1 0 1 1 1 0 1 0 1 0 1 0 0 0 1 0 0 0 1 0 0 0 1 0 1 1 1 0 1
1 0 1 1 1 0 1 0 0 0 0 1 1 1 0 1 1 0 0 0 1 1 1 0 1 1 1 0 1 0 1 0 1 0
0 0 0 1 0 1 0 1 1 1 0 0 0 1 1 0 1 1 0 1 1 1 0 1 0 0 0 0 1 1 1 0 1 1
0 1 1 1 1 1 1 1 1 1 1 0 1 0 1 1 0 0 0 0 1 0 1 0 1 1 1 0 0 0 1 1 0 1
1 0 1 1 1 0 1 0 0 1 0 1 0 1 0 1 1 0 1 1 1 1 1 1 1 1 1 1 0 1 0 1 1 0
0 0 0 0 1 0 1 0 0 0 0 0 0 1 1 1 0 1 0 1 1 1 0 1 0 0 1 0 1 0 1 0 1 1
0 1 1 0 0 1 0 1 0 0 1 1 1 1 1 0 0 0 0 0 0 1 0 1 0 0 0 0 0 0 1 1 1 0
1 0 0 1 1 1 1 1 1 0 1 0 1 0 1 0 1 0 1 1 0 0 1 0 1 0 0 1 1 1 1 1 0 0
0 1 1 1 0 1 0 1 1 0 1 1 0 1 0 1 1 1 0 0 1 1 1 1 1 1 0 1 0 1 0 1 0 1
0 0 0 1 1 0 1 0 1 1 0 0 1 0 1 0 1 0 1 1 1 0 1 0 1 1 0 1 1 0 1 0 1 1
1 0 1 1 0 1 0 1 1 1 0 1 0 0 0 1 1 0 0 0 1 1 0 1 0 1 1 0 0 1 0 1 0 1
0 0 0 0 1 0 1 0 1 1 0 0 0 0 0 1 0 1 0 1 1 0 1 0 1 1 1 0 1 0 0 0 1 1
0 0 1 0 0 1 0 1 1 0 1 1 0 0 0 1 1 0 0 0 0 1 0 1 0 1 1 0 0 0 0 0 1 0
0 0 0 1 1 0 1 0 1 1 1 1 0 0 0 0 1 0 0 1 0 0 1 0 1 1 0 1 1 0 0 0 1 1
0 1 1 1 0 0 1 1 1 0 1 1 1 1 0 0 1 0 0 0 1 1 0 1 0 1 1 1 1 0 0 0 0 1
1 0 0 1 1 0 1 0 0 1 0 1 1 1 1 1 0 0 1 1 1 0 0 1 1 1 0 1 1 1 1 0 0 1
0 0 1 1 0 0 1 1 1 1 1 1 1 1 1 1 1 1 0 0 1 1 0 1 0 0 1 0 1 1 1 1 1 0
0 1 0 0 1 0 0 1 1 0 1 0 1 0 1 0 1 0 0 1 1 0 0 1 1 1 1 1 1 1 1 1 1 1
0 0 1 0 0 0 1 0 0 0 1 0 1 1 1 0 1 0 1 0 0 1 0 0 1 1 0 1 0 1 0 1 0 1
0 0 0 1 1 1 0 1 1 1 0 1 0 1 0 1 0 0 0 1 0 0 0 1 0 0 0 1 0 1 1 1 0 1
1 0 1 1 1 0 1 0 0 0 0 1 1 1 0 1 1 0 0 0 1 1 1 0 1 1 1 0 1 0 1 0 1 0
0 0 0 1 0 1 0 1 1 1 0 0 0 1 1 0 1 1 0 1 1 1 0 1 0 0 0 0 1 1 1 0 1 1
0 1 1 1 1 1 1 1 1 1 1 0 1 0 1 1 0 0 0 0 1 0 1 0 1 1 1 0 0 0 1 1 0 1
1 0 1 1 1 0 1 0 0 1 0 1 0 1 0 1 1 0 1 1 1 1 1 1 1 1 1 1 0 1 0 1 1 0
0 0 0 0 1 0 1 0 0 0 0 0 0 1 1 1 0 1 0 1 1 1 0 1 0 0 1 0 1 0 1 0 1 1
0 1 1 0 0 1 0 1 0 0 1 1 1 1 1 0 0 0 0 0 0 1 0 1 0 0 0 0 0 0 1 1 1 0
1 0 0 1 1 1 1 1 1 0 1 0 1 0 1 0 1 0 1 1 0 0 1 0 1 0 0 1 1 1 1 1 0 0
0 1 1 1 0 1 0 1 1 0 1 1 0 1 0 1 1 1 0 0 1 1 1 1 1 1 0 1 0 1 0 1 0 1
0 0 0 1 1 0 1 0 1 1 0 0 1 0 1 0 1 0 1 1 1 0 1 0 1 1 0 1 1 0 1 0 1 1
1 0 1 1 0 1 0 1 1 1 0 1 0 0 0 1 1 0 0 0 1 1 0 1 0 1 1 0 0 1 0 1 0 1
0 0 0 0 1 0 1 0 1 1 0 0 0 0 0 1 0 1 0 1 1 0 1 0 1 1 1 0 1 0 0 0 1 1
0 0 1 0 0 1 0 1 1 0 1 1 0 0 0 1 1 0 0 0 0 1 0 1 0 1 1 0 0 0 0 0 1 0
0 0 0 1 1 0 1 0 1 1 1 1 0 0 0 0 1 0 0 1 0 0 1 0 1 1 0 1 1 0 0 0 1 1
0 1 1 1 0 0 1 1 1 0 1 1 1 1 0 0 1 0 0 0 1 1 0 1 0 1 1 1 1 0 0 0 0 1
1 0 0 1 1 0 1 0 0 1 0 1 1 1 1 1 0 0 1 1 1 0 0 1 1 1 0 1 1 1 1 0 0 1
0 0 1 1 0 0 1 1 1 1 1 1 1 1 1 1 1 1 0 0 1 1 0 1 0 0 1 0 1 1 1 1 1 0
0 1 0 0 1 0 0 1 1 0 1 0 1 0 1 0 1 0 0 1 1 0 0 1 1 1 1 1 1 1 1 1 1 1
0 0 1 0 0 0 1 0 0 0 1 0 1 1 1 0 1 0 1 0 0 1 0 0 1 1 0 1 0 1 0 1 0 1
0 0 0 1 1 1 0 1 1 1 0 1 0 1 0 1 0 0 0 1 0 0 0 1 0 0 0 1 0 1 1 1 0 1
1 0 1 1 1 0 1 0 0 0 0 1 1 1 0 1 1 0 0 0 1 1 1 0 1 1 1 0 1 0 1 0 1 0
0 0 0 1 0 1 0 1 1 1 0 0 0 1 1 0 1 1 0 1 1 1 0 1 0 0 0 0 1 1 1 0 1 1
0 1 1 1 1 1 1 1 1 1 1 0 1 0 1 1 0 0 0 0 1 0 1 0 1 1 1 0 0 0 1 1 0 1
1 0 1 1 1 0 1 0 0 1 0 1 0 1 0 1 1 0 1 1 1 1 1 1 1 1 1 1 0 1 0 1 1 0
0 0 0 0 1 0 1 0 0 0 0 0 0 1 1 1 0 1 0 1 1 1 0 1 0 0 1 0 1 0 1 0 1 1
0 1 1 0 0 1 0 1 0 0 1 1 1 1 1 0 0 0 0 0 0 1 0 1 0 0 0 0 0 0 1 1 1 0
1 0 0 1 1 1 1 1 1 0 1 0 1 0 1 0 1 0 1 1 0 0 1 0 1 0 0 1 1 1 1 1 0 0
0 1 1 1 0 1 0 1 1 0 1 1 0 1 0 1 1 1 0 0 1 1 1 1 1 1 0 1 0 1 0 1 0 1
0 0 0 1 1 0 1 0 1 1 0 0 1 0 1 0 1 0 1 1 1 0 1 0 1 1 0 1 1 0 1 0 1 1
1 0 1 1 0 1 0 1 1 1 0 1 0 0 0 1 1 0 0 0 1 1 0 1 0 1 1 0 0 1 0 1 0 1
0 0 0 0 1 0 1 0 1 1 0 0 0 0 0 1 0 1 0 1 1 0 1 0 1 1 1 0 1 0 0 0 1 1
0 0 1 0 0 1 0 1 1 0 1 1 0 0 0 1 1 0 0 0 0 1 0 1 0 1 1 0 0 0 0 0 1 0
0 0 0 1 1 0 1 0 1 1 1 1 0 0 0 0 1 0 0 1 0 0 1 0 1 1 0 1 1 0 0 0 1 1
0 1 1 1 0 0 1 1 1 0 1 1 1 1 0 0 1 0 0 0 1 1 0 1 0 1 1 1 1 0 0 0 0 1
1 0 0 1 1 0 1 0 0 1 0 1 1 1 1 1 0 0 1 1 1 0 0 1 1 1 0 1 1 1 1 0 0 1
0 0 1 1 0 0 1 1 1 1 1 1 1 1 1 1 1 1 0 0 1 1 0 1 0 0 1 0 1 1 1 1 1 0
0 1 0 0 1 0 0 1 1 0 1 0 1 0 1 0 1 0 0 1 1 0 0 1 1 1 1 1 1 1 1 1 1 1
0 0 1 0 0 0 1 0 0 0 1 0 1 1 1 0 1 0 1 0 0 1 0 0 1 1 0 1 0 1 0 1 0 1
0 0 0 1 1 1 0 1 1 1 0 1 0 1 0 1 0 0 0 1 0 0 0 1 0 0 0 1 0 1 1 1 0 1
1 0 1 1 1 0 1 0 0 0 0 1 1 1 0 1 1 0 0 0 1 1 1 0 1 1 1 0 1 0 1 0 1 0
0 0 0 1 0 1 0 1 1 1 0 0 0 1 1 0 1 1 0 1 1 1 0 1 0 0 0 0 1 1 1 0 1 1
0 1 1 1 1 1 1 1 1 1 1 0 1 0 1 1 0 0 0 0 1 0 1 0 1 1 1 0 0 0 1 1 0 1
1 0 1 1 1 0 1 0 0 1 0 1 0 1 0 1 1 0 1 1 1 1 1 1 1 1 1 1 0 1 0 1 1 0
0 0 0 0 1 0 1 0 0 0 0 0 0 1 1 1 0 1 0 1 1 1 0 1 0 0 1 0 1 0 1 0 1 1
0 1 1 0 0 1 0 1 0 0 1 1 1 1 1 0 0 0 0 0 0 1 0 1 0 0 0 0 0 0 1 1 1 0
1 0 0 1 1 1 1 1 1 0 1 0 1 0 1 0 1 0 1 1 0 0 1 0 1 0 0 1 1 1 1 1 0 0
0 1 1 1 0 1 0 1 1 0 1 1 0 1 0 1 1 1 0 0 1 1 1 1 1 1 0 1 0 1 0 1 0 1
0 0 0 1 1 0 1 0 1 1 0 0 1 0 1 0 1 0 1 1 1 0 1 0 1 1 0 1 1 0 1 0 1 1
1 0 1 1 0 1 0 1 1 1 0 1 0 0 0 1 1 0 0 0 1 1 0 1 0 1 1 0 0 1 0 1 0 1
0 0 0 0 1 0 1 0 1 1 0 0 0 0 0 1 0 1 0 1 1 0 1 0 1 1 1 0 1 0 0 0 1 1
0 0 1 0 0 1 0 1 1 0 1 1 0 0 0 1 1 0 0 0 0 1 0 1 0 1 1 0 0 0 0 0 1 0
0 0 0 1 1 0 1 0 1 1 1 1 0 0 0 0 1 0 0 1 0 0 1 0 1 1 0 1 1 0 0 0 1 1
0 1 1 1 0 0 1 1 1 0 1 1 1 1 0 0 1 0 0 0 1 1 0 1 0 1 1 1 1 0 0 0 0 1
1 0 0 1 1 0 1 0 0 1 0 1 1 1 1 1 0 0 1 1 1 0 0 1 1 1 0 1 1 1 1 0 0 1
0 0 1 1 0 0 1 1 1 1 1 1 1 1 1 1 1 1 0 0 1 1 0 1 0 0 1 0 1 1 1 1 1 0
0 1 0 0 1 0 0 1 1 0 1 0 1 0 1 0 1 0 0 1 1 0 0 1 1 1 1 1 1 1 1 1 1 1
0 0 1 0 0 0 1 0 0 0 1 0 1 1 1 0 1 0 1 0 0 1 0 0 1 1 0 1 0 1 0 1 0 1
0 0 0 1 1 1 0 1 1 1 0 1 0 1 0 1 0 0 0 1 0 0 0 1 0 0 0 1 0 1 1 1 0 1
1 0 1 1 1 0 1 0 0 0 0 1 1 1 0 1 1 0 0 0 1 1 1 0 1 1 1 0 1 0 1 0 1 0
0 0 0 1 0 1 0 1 1 1 0 0 0 1 1 0 1 1 0 1 1 1 0 1 0 0 0 0 1 1 1 0 1 1
0 1 1 1 1 1 1 1 1 1 1 0 1 0 1 1 0 0 0 0 1 0 1 0 1 1 1 0 0 0 1 1 0 1
1 0 1 1 1 0 1 0 0 1 0 1 0 1 0 1 1 0 1 1 1 1 1 1 1 1 1 1 0 1 0 1 1 0
0 0 0 0 1 0 1 0 0 0 0 0 0 1 1 1 0 1 0 1 1 1 0 1 0 0 1 0 1 0 1 0 1 1
0 1 1 0 0 1 0 1 0 0 1 1 1 1 1 0 0 0 0 0 0 1 0 1 0 0 0 0 0 0 1 1 1 0
1 0 0 1 1 1 1 1 1 0 1 0 1 0 1 0 1 0 1 1 0 0 1 0 1 0 0 1 1 1 1 1 0 0
0 1 1 1 0 1 0 1 1 0 1 1 0 1 0 1 1 1 0 0 1 1 1 1 1 1 0 1 0 1 0 1 0 1
0 0 0 1 1 0 1 0 1 1 0 0 1 0 1 0 1 0 1 1 1 0 1 0 1 1 0 1 1 0 1 0 1 1
1 0 1 1 0 1 0 1 1 1 0 1 0 0 0 1 1 0 0 0 1 1 0 1 0 1 1 0 0 1 0 1 0 1
0 0 0 0 1 0 1 0 1 1 0 0 0 0 0 1 0 1 0 1 1 0 1 0 1 1 1 0 1 0 0 0 1 1
0 0 1 0 0 1 0 1 1 0 1 1 0 0 0 1 1 0 0 0 0 1 0 1 0 1 1 0 0 0 0 0 1 0
0 0 0 1 1 0 1 0 1 1 1 1 0 0 0 0 1 0 0 1 0 0 1 0 1 1 0 1 1 0 0 0 1 1
0 1 1 1 0 0 1 1 1 0 1 1 1 1 0 0 1 0 0 0 1 1 0 1 0 1 1 1 1 0 0 0 0 1
1 0 0 1 1 0 1 0 0 1 0 1 1 1 1 1 0 0 1 1 1 0 0 1 1 1 0 1 1 1 1 0 0 1
0 0 1 1 0 0 1 1 1 1 1 1 1 1 1 1 1 1 0 0 1 1 0 1 0 0 1 0 1 1 1 1 1 0
0 1 0 0 1 0 0 1 1 0 1 0 1 0 1 0 1 0 0 1 1 0 0 1 1 1 1 1 1 1 1 1 1 1
0 0 1 0 0 0 1 0 0 0 1 0 1 1 1 0 1 0 1 0 0 1 0 0 1 1 0 1 0 1 0 1 0 1
0 0 0 1 1 1 0 1 1 1 0 1 0 1 0 1 0 0 0 1 0 0 0 1 0 0 0 1 0 1 1 1 0 1
1 0 1 1 1 0 1 0 0 0 0 1 1 1 0 1 1 0 0 0 1 1 1 0 1 1 1 0 1 0 1 0 1 0
0 0 0 1 0 1 0 1 1 1 0 0 0 1 1 0 1 1 0 1 1 1 0 1 0 0 0 0 1 1 1 0 1 1
0 1 1 1 1 1 1 1 1 1 1 0 1 0 1 1 0 0 0 0 1 0 1 0 1 1 1 0 0 0 1 1 0 1
1 0 1 1 1 0 1 0 0 1 0 1 0 1 0 1 1 0 1 1 1 1 1 1 1 1 1 1 0 1 0 1 1 0
0 0 0 0 1 0 1 0 0 0 0 0 0 1 1 1 0 1 0 1 1 1 0 1 0 0 1 0 1 0 1 0 1 1
0 1 1 0 0 1 0 1 0 0 1 1 1 1 1 0 0 0 0 0 0 1 0 1 0 0 0 0 0 0 1 1 1 0
1 0 0 1 1 1 1 1 1 0 1 0 1 0 1 0 1 0 1 1 0 0 1 0 1 0 0 1 1 1 1 1 0 0
0 1 1 1 0 1 0 1 1 0 1 1 0 1 0 1 1 1 0 0 1 1 1 1 1 1 0 1 0 1 0 1 0 1
0 0 0 1 1 0 1 0 1 1 0 0 1 0 1 0 1 0 1 1 1 0 1 0 1 1 0 1 1 0 1 0 1 1
1 0 1 1 0 1 0 1 1 1 0 1 0 0 0 1 1 0 0 0 1 1 0 1 0 1 1 0 0 1 0 1 0 1
0 0 0 0 1 0 1 0 1 1 0 0 0 0 0 1 0 1 0 1 1 0 1 0 1 1 1 0 1 0 0 0 1 1
0 0 1 0 0 1 0 1 1 0 1 1 0 0 0 1 1 0 0 0 0 1 0 1 0 1 1 0 0 0 0 0 1 0
0 0 0 1 1 0 1 0 1 1 1 1 0 0 0 0 1 0 0 1 0 0 1 0 1 1 0 1 1 0 0 0 1 1
0 1 1 1 0 0 1 1 1 0 1 1 1 1 0 0 1 0 0 0 1 1 0 1 0 1 1 1 1 0 0 0 0 1
1 0 0 1 1 0 1 0 0 1 0 1 1 1 1 1 0 0 1 1 1 0 0 1 1 1 0 1 1 1 1 0 0 1
0 0 1 1 0 0 1 1 1 1 1 1 1 1 1 1 1 1 0 0 1 1 0 1 0 0 1 0 1 1 1 1 1 0
0 1 0 0 1 0 0 1 1 0 1 0 1 0 1 0 1 0 0 1 1 0 0 1 1 1 1 1 1 1 1 1 1 1
0 0 1 0 0 0 1 0 0 0 1 0 1 1 1 0 1 0 1 0 0 1 0 0 1 1 0 1 0 1 0 1 0 1
0 0 0 1 1 1 0 1 1 1 0 1 0 1 0 1 0 0 0 1 0 0 0 1 0 0 0 1 0 1 1 1 0 1
1 0 1 1 1 0 1 0 0 0 0 1 1 1 0 1 1 0 0 0 1 1 1 0 1 1 1 0 1 0 1 0 1 0
0 0 0 1 0 1 0 1 1 1 0 0 0 1 1 0 1 1 0 1 1 1 0 1 0 0 0 0 1 1 1 0 1 1
0 1 1 1 1 1 1 1 1 1 1 0 1 0 1 1 0 0 0 0 1 0 1 0 1 1 1 0 0 0 1 1 0 1
1 0 1 1 1 0 1 0 0 1 0 1 0 1 0 1 1 0 1 1 1 1 1 1 1 1 1 1 0 1 0 1 1 0
0 0 0 0 1 0 1 0 0 0 0 0 0 1 1 1 0 1 0 1 1 1 0 1 0 0 1 0 1 0 1 0 1 1
0 1 1 0 0 1 0 1 0 0 1 1 1 1 1 0 0 0 0 0 0 1 0 1 0 0 0 0 0 0 1 1 1 0
1 0 0 1 1 1 1 1 1 0 1 0 1 0 1 0 1 0 1 1 0 0 1 0 1 0 0 1 1 1 1 1 0 0
0 1 1 1 0 1 0 1 1 0 1 1 0 1 0 1 1 1 0 0 1 1 1 1 1 1 0 1 0 1 0 1 0 1
0 0 0 1 1 0 1 0 1 1 0 0 1 0 1 0 1 0 1 1 1 0 1 0 1 1 0 1 1 0 1 0 1 1
1 0 1 1 0 1 0 1 1 1 0 1 0 0 0 1 1 0 0 0 1 1 0 1 0 1 1 0 0 1 0 1 0 1
0 0 0 0 1 0 1 0 1 1 0 0 0 0 0 1 0 1 0 1 1 0 1 0 1 1 1 0 1 0 0 0 1 1
0 0 1 0 0 1 0 1 1 0 1 1 0 0 0 1 1 0 0 0 0 1 0 1 0 1 1 0 0 0 0 0 1 0
0 0 0 1 1 0 1 0 1 1 1 1 0 0 0 0 1 0 0 1 0 0 1 0 1 1 0 1 1 0 0 0 1 1
0 1 1 1 0 0 1 1 1 0 1 1 1 1 0 0 1 0 0 0 1 1 0 1 0 1 1 1 1 0 0 0 0 1
1 0 0 1 1 0 1 0 0 1 0 1 1 1 1 1 0 0 1 1 1 0 0 1 1 1 0 1 1 1 1 0 0 1
0 0 1 1 0 0 1 1 1 1 1 1 1 1 1 1 1 1 0 0 1 1 0 1 0 0 1 0 1 1 1 1 1 0
0 1 0 0 1 0 0 1 1 0 1 0 1 0 1 0 1 0 0 1 1 0 0 1 1 1 1 1 1 1 1 1 1 1
0 0 1 0 0 0 1 0 0 0 1 0 1 1 1 0 1 0 1 0 0 1 0 0 1 1 0 1 0 1 0 1 0 1
0 0 0 1 1 1 0 1 1 1 0 1 0 1 0 1 0 0 0 1 0 0 0 1 0 0 0 1 0 1 1 1 0 1
1 0 1 1 1 0 1 0 0 0 0 1 1 1 0 1 1 0 0 0 1 1 1 0 1 1 1 0 1 0 1 0 1 0
0 0 0 1 0 1 0 1 1 1 0 0 0 1 1 0 1 1 0 1 1 1 0 1 0 0 0 0 1 1 1 0 1 1
0 1 1 1 1 1 1 1 1 1 1 0 1 0 1 1 0 0 0 0 1 0 1 0 1 1 1 0 0 0 1 1 0 1
1 0 1 1 1 0 1 0 0 1 0 1 0 1 0 1 1 0 1 1 1 1 1 1 1 1 1 1 0 1 0 1 1 0
0 0 0 0 1 0 1 0 0 0 0 0 0 1 1 1 0 1 0 1 1 1 0 1 0 0 1 0 1 0 1 0 1 1
0 1 1 0 0 1 0 1 0 0 1 1 1 1 1 0 0 0 0 0 0 1 0 1 0 0 0 0 0 0 1 1 1 0
1 0 0 1 1 1 1 1 1 0 1 0 1 0 1 0 1 0 1 1 0 0 1 0 1 0 0 1 1 1 1 1 0 0
0 1 1 1 0 1 0 1 1 0 1 1 0 1 0 1 1 1 0 0 1 1 1 1 1 1 0 1 0 1 0 1 0 1
0 0 0 1 1 0 1 0 1 1 0 0 1 0 1 0 1 0 1 1 1 0 1 0 1 1 0 1 1 0 1 0 1 1
1 0 1 1 0 1 0 1 1 1 0 1 0 0 0 1 1 0 0 0 1 1 0 1 0 1 1 0 0 1 0 1 0 1
0 0 0 0 1 0 1 0 1 1 0 0 0 0 0 1 0 1 0 1 1 0 1 0 1 1 1 0 1 0 0 0 1 1
0 0 1 0 0 1 0 1 1 0 1 1 0 0 0 1 1 0 0 0 0 1 0 1 0 1 1 0 0 0 0 0 1 0
0 0 0 1 1 0 1 0 1 1 1 1 0 0 0 0 1 0 0 1 0 0 1 0 1 1 0 1 1 0 0 0 1 1
0 1 1 1 0 0 1 1 1 0 1 1 1 1 0 0 1 0 0 0 1 1 0 1 0 1 1 1 1 0 0 0 0 1
1 0 0 1 1 0 1 0 0 1 0 1 1 1 1 1 0 0 1 1 1 0 0 1 1 1 0 1 1 1 1 0 0 1
0 0 1 1 0 0 1 1 1 1 1 1 1 1 1 1 1 1 0 0 1 1 0 1 0 0 1 0 1 1 1 1 1 0
0 1 0 0 1 0 0 1 1 0 1 0 1 0 1 0 1 0 0 1 1 0 0 1 1 1 1 1 1 1 1 1 1 1
0 0 1 0 0 0 1 0 0 0 1 0 1 1 1 0 1 0 1 0 0 1 0 0 1 1 0 1 0 1 0 1 0 1
0 0 0 1 1 1 0 1 1 1 0 1 0 1 0 1 0 0 0 1 0 0 0 1 0 0 0 1 0 1 1 1 0 1
1 0 1 1 1 0 1 0 0 0 0 1 1 1 0 1 1 0 0 0 1 1 1 0 1 1 1 0 1 0 1 0 1 0
0 0 0 1 0 1 0 1 1 1 0 0 0 1 1 0 1 1 0 1 1 1 0 1 0 0 0 0 1 1 1 0 1 1
0 1 1 1 1 1 1 1 1 1 1 0 1 0 1 1 0 0 0 0 1 0 1 0 1 1 1 0 0 0 1 1 0 1
1 0 1 1 1 0 1 0 0 1 0 1 0 1 0 1 1 0 1 1 1 1 1 1 1 1 1 1 0 1 0 1 1 0
0 0 0 0 1 0 1 0 0 0 0 0 0 1 1 1 0 1 0 1 1 1 0 1 0 0 1 0 1 0 1 0 1 1
0 1 1 0 0 1 0 1 0 0 1 1 1 1 1 0 0 0 0 0 0 1 0 1 0 0 0 0 0 0 1 1 1 0
1 0 0 1 1 1 1 1 1 0 1 0 1 0 1 0 1 0 1 1 0 0 1 0 1 0 0 1 1 1 1 1 0 0
0 1 1 1 0 1 0 1 1 0 1 1 0 1 0 1 1 1 0 0 1 1 1 1 1 1 0 1 0 1 0 1 0 1
0 0 0 1 1 0 1 0 1 1 0 0 1 0 1 0 1 0 1 1 1 0 1 0 1 1 0 1 1 0 1 0 1 1
1 0 1 1 0 1 0 1 1 1 0 1 0 0 0 1 1 0 0 0 1 1 0 1 0 1 1 0 0 1 0 1 0 1
0 0 0 0 1 0 1 0 1 1 0 0 0 0 0 1 0 1 0 1 1 0 1 0 1 1 1 0 1 0 0 0 1 1
0 0 1 0 0 1 0 1 1 0 1 1 0 0 0 1 1 0 0 0 0 1 0 1 0 1 1 0 0 0 0 0 1 0
0 0 0 1 1 0 1 0 1 1 1 1 0 0 0 0 1 0 0 1 0 0 1 0 1 1 0 1 1 0 0 0 1 1
0 1 1 1 0 0 1 1 1 0 1 1 1 1 0 0 1 0 0 0 1 1 0 1 0 1 1 1 1 0 0 0 0 1
1 0 0 1 1 0 1 0 0 1 0 1 1 1 1 1 0 0 1 1 1 0 0 1 1 1 0 1 1 1 1 0 0 1
0 0 1 1 0 0 1 1 1 1 1 1 1 1 1 1 1 1 0 0 1 1 0 1 0 0 1 0 1 1 1 1 1 0
0 1 0 0 1 0 0 1 1 0 1 0 1 0 1 0 1 0 0 1 1 0 0 1 1 1 1 1 1 1 1 1 1 1
0 0 1 0 0 0 1 0 0 0 1 0 1 1 1 0 1 0 1 0 0 1 0 0 1 1 0 1 0 1 0 1 0 1
0 0 0 1 1 1 0 1 1 1 0 1 0 1 0 1 0 0 0 1 0 0 0 1 0 0 0 1 0 1 1 1 0 1
1 0 1 1 1 0 1 0 0 0 0 1 1 1 0 1 1 0 0 0 1 1 1 0 1 1 1 0 1 0 1 0 1 0
0 0 0 1 0 1 0 1 1 1 0 0 0 1 1 0 1 1 0 1 1 1 0 1 0 0 0 0 1 1 1 0 1 1
0 1 1 1 1 1 1 1 1 1 1 0 1 0 1 1 0 0 0 0 1 0 1 0 1 1 1 0 0 0 1 1 0 1
1 0 1 1 1 0 1 0 0 1 0 1 0 1 0 1 1 0 1 1 1 1 1 1 1 1 1 1 0 1 0 1 1 0
0 0 0 0 1 0 1 0 0 0 0 0 0 1 1 1 0 1 0 1 1 1 0 1 0 0 1 0 1 0 1 0 1 1
0 1 1 0 0 1 0 1 0 0 1 1 1 1 1 0 0 0 0 0 0 1 0 1 0 0 0 0 0 0 1 1 1 0
1 0 0 1 1 1 1 1 1 0 1 0 1 0 1 0 1 0 1 1 0 0 1 0 1 0 0 1 1 1 1 1 0 0
0 1 1 1 0 1 0 1 1 0 1 1 0 1 0 1 1 1 0 0 1 1 1 1 1 1 0 1 0 1 0 1 0 1
0 0 0 1 1 0 1 0 1 1 0 0 1 0 1 0 1 0 1 1 1 0 1 0 1 1 0 1 1 0 1 0 1 1
1 0 1 1 0 1 0 1 1 1 0 1 0 0 0 1 1 0 0 0 1 1 0 1 0 1 1 0 0 1 0 1 0 1
0 0 0 0 1 0 1 0 1 1 0 0 0 0 0 1 0 1 0 1 1 0 1 0 1 1 1 0 1 0 0 0 1 1
0 0 1 0 0 1 0 1 1 0 1 1 0 0 0 1 1 0 0 0 0 1 0 1 0 1 1 0 0 0 0 0 1 0
0 0 0 1 1 0 1 0 1 1 1 1 0 0 0 0 1 0 0 1 0 0 1 0 1 1 0 1 1 0 0 0 1 1
0 1 1 1 0 0 1 1 1 0 1 1 1 1 0 0 1 0 0 0 1 1 0 1 0 1 1 1 1 0 0 0 0 1
1 0 0 1 1 0 1 0 0 1 0 1 1 1 1 1 0 0 1 1 1 0 0 1 1 1 0 1 1 1 1 0 0 1
0 0 1 1 0 0 1 1 1 1 1 1 1 1 1 1 1 1 0 0 1 1 0 1 0 0 1 0 1 1 1 1 1 0
0 1 0 0 1 0 0 1 1 0 1 0 1 0 1 0 1 0 0 1 1 0 0 1 1 1 1 1 1 1 1 1 1 1
0 0 1 0 0 0 1 0 0 0 1 0 1 1 1 0 1 0 1 0 0 1 0 0 1 1 0 1 0 1 0 1 0 1
0 0 0 1 1 1 0 1 1 1 0 1 0 1 0 1 0 0 0 1 0 0 0 1 0 0 0 1 0 1 1 1 0 1
1 0 1 1 1 0 1 0 0 0 0 1 1 1 0 1 1 0 0 0 1 1 1 0 1 1 1 0 1 0 1 0 1 0
0 0 0 1 0 1 0 1 1 1 0 0 0 1 1 0 1 1 0 1 1 1 0 1 0 0 0 0 1 1 1 0 1 1
0 1 1 1 1 1 1 1 1 1 1 0 1 0 1 1 0 0 0 0 1 0 1 0 1 1 1 0 0 0 1 1 0 1
1 0 1 1 1 0 1 0 0 1 0 1 0 1 0 1 1 0 1 1 1 1 1 1 1 1 1 1 0 1 0 1 1 0
0 0 0 0 1 0 1 0 0 0 0 0 0 1 1 1 0 1 0 1 1 1 0 1 0 0 1 0 1 0 1 0 1 1
0 1 1 0 0 1 0 1 0 0 1 1 1 1 1 0 0 0 0 0 0 1 0 1 0 0 0 0 0 0 1 1 1 0
1 0 0 1 1 1 1 1 1 0 1 0 1 0 1 0 1 0 1 1 0 0 1 0 1 0 0 1 1 1 1 1 0 0
0 1 1 1 0 1 0 1 1 0 1 1 0 1 0 1 1 1 0 0 1 1 1 1 1 1 0 1 0 1 0 1 0 1
0 0 0 1 1 0 1 0 1 1 0 0 1 0 1 0 1 0 1 1 1 0 1 0 1 1 0 1 1 0 1 0 1 1
1 0 1 1 0 1 0 1 1 1 0 1 0 0 0 1 1 0 0 0 1 1 0 1 0 1 1 0 0 1 0 1 0 1
0 0 0 0 1 0 1 0 1 1 0 0 0 0 0 1 0 1 0 1 1 0 1 0 1 1 1 0 1 0 0 0 1 1
0 0 1 0 0 1 0 1 1 0 1 1 0 0 0 1 1 0 0 0 0 1 0 1 0 1 1 0 0 0 0 0 1 0
0 0 0 1 1 0 1 0 1 1 1 1 0 0 0 0 1 0 0 1 0 0 1 0 1 1 0 1 1 0 0 0 1 1
0 1 1 1 0 0 1 1 1 0 1 1 1 1 0 0 1 0 0 0 1 1 0 1 0 1 1 1 1 0 0 0 0 1
1 0 0 1 1 0 1 0 0 1 0 1 1 1 1 1 0 0 1 1 1 0 0 1 1 1 0 1 1 1 1 0 0 1
0 0 1 1 0 0 1 1 1 1 1 1 1 1 1 1 1 1 0 0 1 1 0 1 0 0 1 0 1 1 1 1 1 0
0 1 0 0 1 0 0 1 1 0 1 0 1 0 1 0 1 0 0 1 1 0 0 1 1 1 1 1 1 1 1 1 1 1
0 0 1 0 0 0 1 0 0 0 1 0 1 1 1 0 1 0 1 0 0 1 0 0 1 1 0 1 0 1 0 1 0 1
0 0 0 1 1 1 0 1 1 1 0 1 0 1 0 1 0 0 0 1 0 0 0 1 0 0 0 1 0 1 1 1 0 1
1 0 1 1 1 0 1 0 0 0 0 1 1 1 0 1 1 0 0 0 1 1 1 0 1 1 1 0 1 0 1 0 1 0
0 0 0 1 0 1 0 1 1 1 0 0 0 1 1 0 1 1 0 1 1 1 0 1 0 0 0 0 1 1 1 0 1 1
0 1 1 1 1 1 1 1 1 1 1 0 1 0 1 1 0 0 0 0 1 0 1 0 1 1 1 0 0 0 1 1 0 1
1 0 1 1 1 0 1 0 0 1 0 1 0 1 0 1 1 0 1 1 1 1 1 1 1 1 1 1 0 1 0 1 1 0
10 20 30 25 40 11 25 16 21 5 42 87 65 24 34 15 27 43 24 35 21 24 35 27 43 25 36 43 12 45 32 43 25 26