19 17
0 0 0 0 1 0 1 0 0 0 0 0 0 1 1 1 0
0 1 1 0 0 1 0 1 0 0 1 1 1 1 1 0 0
1 0 0 1 1 1 1 1 1 0 1 0 1 0 1 0 1
0 1 1 1 0 1 0 1 1 0 1 1 0 1 0 1 1
0 0 0 1 1 0 1 0 1 1 0 0 1 0 1 0 1
1 0 1 1 0 1 0 1 1 1 0 1 0 0 0 1 1
0 0 0 0 1 0 1 0 1 1 0 0 0 0 0 1 0
0 0 1 0 0 1 0 1 1 0 1 1 0 0 0 1 1
0 0 0 1 1 0 1 0 1 1 1 1 0 0 0 0 1
0 1 1 1 0 0 1 1 1 0 1 1 1 1 0 0 1
1 0 0 1 1 0 1 0 0 1 0 1 1 1 1 1 0
0 0 1 1 0 0 1 1 1 1 1 1 1 1 1 1 1
0 1 0 0 1 0 0 1 1 0 1 0 1 0 1 0 1
0 0 1 0 0 0 1 0 0 0 1 0 1 1 1 0 1
0 0 0 1 1 1 0 1 1 1 0 1 0 1 0 1 0
1 0 1 1 1 0 1 0 0 0 0 1 1 1 0 1 1
0 0 0 1 0 1 0 1 1 1 0 0 0 1 1 0 1
0 1 1 1 1 1 1 1 1 1 1 0 1 0 1 1 0
1 0 1 1 1 0 1 0 0 1 0 1 0 1 0 1 1
10 20 30 25 40 11 25 16 21 5 42 87 65 24 34 15 27